%YAML:1.0
---
K1: !!opencv-matrix
   rows: 3
   cols: 3
   dt: d
   data: [ 3.6163133782482828e+02, 0., 3.2416465093686816e+02, 0.,
       3.6172174173465305e+02, 2.6362614385230006e+02, 0., 0., 1. ]
K2: !!opencv-matrix
   rows: 3
   cols: 3
   dt: d
   data: [ 3.6326622187321755e+02, 0., 3.0038215863055575e+02, 0.,
       3.6322047100205259e+02, 2.6826062740317758e+02, 0., 0., 1. ]
D1: !!opencv-matrix
   rows: 1
   cols: 5
   dt: d
   data: [ 1.4281485166007465e-01, -2.3014854965261383e-01,
       4.7543040722184348e-04, 1.9527951594533132e-04,
       7.2157135388897203e-02 ]
D2: !!opencv-matrix
   rows: 1
   cols: 5
   dt: d
   data: [ 1.3088438698737054e-01, -1.9912457335658940e-01,
       6.5771265948153575e-04, 6.6276759658759766e-04,
       4.0981332617379108e-02 ]
R: !!opencv-matrix
   rows: 3
   cols: 3
   dt: d
   data: [ 9.9995949561005260e-01, 6.0562265965388078e-04,
       -8.9799977997421648e-03, -6.4650126624112979e-04,
       9.9998943980048260e-01, -4.5499806186093950e-03,
       8.9771473978101195e-03, 4.5556019043685413e-03,
       9.9994932737408593e-01 ]
T: [ -1.2007343072137344e+02, 2.0580296999202294e-01,
    1.6134286315112484e-01 ]
E: !!opencv-matrix
   rows: 3
   cols: 3
   dt: d
   data: [ 1.9518319618516543e-03, -1.6040360293627889e-01,
       2.0652664831540110e-01, 1.2392532142033919e+00,
       5.4710446255225076e-01, 1.2006589742678018e+02,
       -1.2816700906498954e-01, -1.2007228736093035e+02,
       5.4817989280989587e-01 ]
F: !!opencv-matrix
   rows: 3
   cols: 3
   dt: d
   data: [ 4.2971951185164119e-08, -3.5305975214585670e-06,
       2.5611420074207612e-03, 2.7287101234238252e-05,
       1.2043675622827198e-05, 9.4403489963120546e-01,
       -8.3580102257572349e-03, -9.6223809334857247e-01, 1. ]
R1: !!opencv-matrix
   rows: 3
   cols: 3
   dt: d
   data: [ 9.9994616959689220e-01, -1.1144538961994270e-03,
       -1.0315808306507430e-02, 1.0909255269562416e-03,
       9.9999679168725919e-01, -2.2861532501068766e-03,
       1.0318323022565098e-02, 2.2747764069431043e-03,
       9.9994417724306006e-01 ]
R2: !!opencv-matrix
   rows: 3
   cols: 3
   dt: d
   data: [ 9.9999762838467465e-01, -1.7139718643013615e-03,
       -1.3436984313574733e-03, 1.7170317074660815e-03,
       9.9999592818986682e-01, 2.2793432831097545e-03,
       1.3397862298162491e-03, -2.2816450501962023e-03,
       9.9999649952823488e-01 ]
P1: !!opencv-matrix
   rows: 3
   cols: 4
   dt: d
   data: [ 3.6247110636835282e+02, 0., 3.0385627365112305e+02, 0., 0.,
       3.6247110636835282e+02, 2.8191506958007812e+02, 0., 0., 0., 1.,
       0. ]
P2: !!opencv-matrix
   rows: 3
   cols: 4
   dt: d
   data: [ 3.6247110636835282e+02, 0., 3.0385627365112305e+02,
       -4.3523252499432630e+04, 0., 3.6247110636835282e+02,
       2.8191506958007812e+02, 0., 0., 0., 1., 0. ]
Q: !!opencv-matrix
   rows: 4
   cols: 4
   dt: d
   data: [ 1., 0., 0., -3.0385627365112305e+02, 0., 1., 0.,
       -2.8191506958007812e+02, 0., 0., 0., 3.6247110636835282e+02, 0.,
       0., 8.3282173448107535e-03, 0. ]
