%YAML:1.0
---
K1: !!opencv-matrix
   rows: 3
   cols: 3
   dt: d
   data: [ 7.6836475943092000e+02, 0., 3.5164431565080002e+02, 0.,
       7.6831951618921403e+02, 6.5430543635250604e+02, 0., 0., 1. ]
K2: !!opencv-matrix
   rows: 3
   cols: 3
   dt: d
   data: [ 7.6434855914086302e+02, 0., 3.5073124671970101e+02, 0.,
       7.6513167113346606e+02, 6.5609623772508405e+02, 0., 0., 1. ]
D1: !!opencv-matrix
   rows: 1
   cols: 5
   dt: d
   data: [ -3.9465611803941802e-01, 1.9791172032844201e-01,
       2.4497691427483698e-04, -3.5934306929953099e-04,
       -5.5076384560112497e-02 ]
D2: !!opencv-matrix
   rows: 1
   cols: 5
   dt: d
   data: [ -3.8833133424704402e-01, 1.8798781491445701e-01,
       -4.6419072959509200e-05, -1.2758681904231301e-04,
       -4.9537447599795600e-02 ]
R: !!opencv-matrix
   rows: 3
   cols: 3
   dt: d
   data: [ 9.9753065860587997e-01, -1.3925692975202766e-02,
       -6.8837927165768489e-02, 1.1193273464098593e-02,
       9.9914013876091912e-01, -3.9921093997650224e-02,
       6.9334664998665460e-02, 3.9051993444275117e-02,
       9.9682879474739849e-01 ]
T: [ -1.2231977373375198e+03, -5.1302619635665920e+01,
    4.3103109929801883e+02 ]
E: !!opencv-matrix
   rows: 3
   cols: 3
   dt: d
   data: [ -8.3816989119666125e+00, -4.3266394192858019e+02,
       -3.3932695467818363e+01, 5.1477674170779164e+02,
       4.1765903267968632e+01, 1.1896474388282465e+03,
       3.7484349178687268e+01, -1.2228603815453216e+03,
       4.5299825856071102e+01 ]
F: !!opencv-matrix
   rows: 3
   cols: 3
   dt: d
   data: [ -1.1266081856772849e-07, -5.8159025668143619e-06,
       3.4945427355334300e-03, 6.9121799379856059e-06,
       5.6084592652090042e-07, 9.4762854768042273e-03,
       -4.1104338201374884e-03, -1.0892347384231888e-02, 1. ]
R1: !!opencv-matrix
   rows: 3
   cols: 3
   dt: d
   data: [ 9.1750902690034464e-01, 1.3399762786950846e-02,
       -3.9748915949197444e-01, -2.0614426987663192e-02,
       9.9969110764513780e-01, -1.3882892177343769e-02,
       3.9718035066749358e-01, 2.0931690148932022e-02,
       9.1750184380804167e-01 ]
R2: !!opencv-matrix
   rows: 3
   cols: 3
   dt: d
   data: [ 9.4241911270852019e-01, 3.9526372393318181e-02,
       -3.3209017131964336e-01, -3.3529244844338890e-02,
       9.9915498933561220e-01, 2.3771769515979400e-02,
       3.3274916339767663e-01, -1.1268237270185975e-02,
       9.4294804792574294e-01 ]
P1: !!opencv-matrix
   rows: 3
   cols: 4
   dt: d
   data: [ 4.9135326144364507e+02, 0., 5.3900692105293274e+02, 0., 0.,
       4.9135326144364507e+02, 9.2192151552438736e+02, 0., 0., 0., 1.,
       0. ]
P2: !!opencv-matrix
   rows: 3
   cols: 4
   dt: d
   data: [ 4.9135326144364507e+02, 0., 5.3900692105293274e+02,
       -6.3774406686631672e+05, 0., 4.9135326144364507e+02,
       9.2192151552438736e+02, 0., 0., 0., 1., 0. ]
Q: !!opencv-matrix
   rows: 4
   cols: 4
   dt: d
   data: [ 1., 0., 0., -5.3900692105293274e+02, 0., 1., 0.,
       -9.2192151552438736e+02, 0., 0., 0., 4.9135326144364507e+02, 0.,
       0., 7.7045524524909780e-04, 0. ]
