%YAML:1.0
---
K: !!opencv-matrix
   rows: 3
   cols: 3
   dt: d
   data: [ 3.6163133782482828e+02, 0., 3.2416465093686816e+02, 0.,
       3.6172174173465305e+02, 2.6362614385230006e+02, 0., 0., 1. ]
D: !!opencv-matrix
   rows: 1
   cols: 5
   dt: d
   data: [ 1.4281485166007465e-01, -2.3014854965261383e-01,
       4.7543040722184348e-04, 1.9527951594533132e-04,
       7.2157135388897203e-02 ]
board_width: 8
board_height: 11
square_size: 30.
