%YAML:1.0
---
K: !!opencv-matrix
   rows: 3
   cols: 3
   dt: d
   data: [ 3.6326622187321755e+02, 0., 3.0038215863055575e+02, 0.,
       3.6322047100205259e+02, 2.6826062740317758e+02, 0., 0., 1. ]
D: !!opencv-matrix
   rows: 1
   cols: 5
   dt: d
   data: [ 1.3088438698737054e-01, -1.9912457335658940e-01,
       6.5771265948153575e-04, 6.6276759658759766e-04,
       4.0981332617379108e-02 ]
board_width: 8
board_height: 11
square_size: 30.
